---------------------------------------------------------------------
 Eq     N-i     T       dB  Ri/R1   Ri/R0    R/Ri     lsIt   dB  %t
---------------------------------------------------------------------
 HS 1-1  1.970e+00  [0 1.000e+00 1.000e+00 9.188e-07]  [165 -1 31]
 HS 1-2  3.919e+00  [-120 9.188e-07 9.188e-07 9.764e-07]  [174 0 33]
 HS 1-1  5.853e+00  [0 1.000e+00 1.000e+00 9.744e-07]  [161 -1 31]
 HS 1-2  7.865e+00  [-120 9.744e-07 9.744e-07 9.632e-07]  [174 0 33]
 HS 1-1  9.737e+00  [0 1.000e+00 1.000e+00 9.786e-07]  [162 -1 31]
 HS 1-2  1.170e+01  [-120 9.786e-07 9.786e-07 9.590e-07]  [174 0 33]
 HS 1-1  1.464e+01  [0 1.000e+00 1.000e+00 9.869e-07]  [406 0 54]
 HS 1-2  1.769e+01  [-120 9.869e-07 9.869e-07 9.838e-07]  [456 0 57]
 HS 1-1  1.955e+01  [0 1.000e+00 1.000e+00 9.136e-07]  [160 -1 29]
 HS 1-2  2.151e+01  [-120 9.136e-07 9.136e-07 9.876e-07]  [176 0 34]
---------------------------------------------------------------------
 HS 2-1  2.335e+01  [0 1.000e+00 5.000e-01 9.244e-07]  [165 -1 30]
 HS 2-2  2.530e+01  [-120 9.244e-07 4.622e-07 9.668e-07]  [174 0 30]
 HS 2-1  2.719e+01  [0 1.000e+00 5.000e-01 9.744e-07]  [161 -1 31]
 HS 2-2  2.916e+01  [-120 9.744e-07 4.872e-07 9.629e-07]  [174 0 33]
 HS 2-1  3.113e+01  [0 1.000e+00 5.000e-01 9.948e-07]  [162 -1 31]
 HS 2-2  3.326e+01  [-120 9.948e-07 4.974e-07 9.487e-07]  [174 0 30]
 HS 2-1  3.607e+01  [0 1.000e+00 5.000e-01 9.936e-07]  [406 0 54]
 HS 2-2  3.913e+01  [-120 9.936e-07 4.968e-07 9.899e-07]  [456 0 56]
 HS 2-1  4.125e+01  [0 1.000e+00 5.000e-01 9.136e-07]  [160 -1 30]
 HS 2-2  4.323e+01  [-120 9.136e-07 4.568e-07 9.875e-07]  [176 0 33]
---------------------------------------------------------------------
 HS 3-1  4.517e+01  [0 1.000e+00 2.500e-01 9.287e-07]  [165 -1 32]
 HS 3-2  4.710e+01  [-120 9.287e-07 2.322e-07 9.624e-07]  [174 0 34]
 HS 3-1  4.899e+01  [0 1.000e+00 2.500e-01 9.744e-07]  [161 -1 31]
 HS 3-2  5.093e+01  [-120 9.744e-07 2.436e-07 9.668e-07]  [174 0 32]
 HS 3-1  5.298e+01  [0 1.000e+00 2.500e-01 9.947e-07]  [162 -1 28]
 HS 3-2  5.495e+01  [-120 9.947e-07 2.487e-07 9.448e-07]  [174 0 33]
 HS 3-1  5.771e+01  [0 1.000e+00 2.500e-01 9.928e-07]  [406 0 53]
 HS 3-2  6.057e+01  [-120 9.928e-07 2.482e-07 9.800e-07]  [456 0 54]
 HS 3-1  6.240e+01  [0 1.000e+00 2.500e-01 9.136e-07]  [160 -1 30]
 HS 3-2  6.429e+01  [-120 9.136e-07 2.284e-07 9.876e-07]  [176 0 31]
---------------------------------------------------------------------
 HS 4-1  6.616e+01  [0 1.000e+00 1.250e-01 9.189e-07]  [165 -1 31]
 HS 4-2  6.808e+01  [-120 9.189e-07 1.149e-07 9.734e-07]  [174 0 31]
 HS 4-1  6.992e+01  [0 1.000e+00 1.250e-01 9.744e-07]  [161 -1 32]
 HS 4-2  7.183e+01  [-120 9.744e-07 1.218e-07 1.637e-06]  [168 0 31]
 HS 4-1  7.378e+01  [0 1.000e+00 1.250e-01 9.948e-07]  [162 -1 32]
 HS 4-2  7.567e+01  [-120 9.948e-07 1.244e-07 1.643e-06]  [168 0 31]
 HS 4-1  7.844e+01  [0 1.000e+00 1.250e-01 9.948e-07]  [406 0 53]
 HS 4-2  8.136e+01  [-120 9.948e-07 1.243e-07 1.533e-06]  [449 0 56]
 HS 4-1  8.323e+01  [0 1.000e+00 1.250e-01 9.136e-07]  [160 -1 31]
 HS 4-2  8.514e+01  [-120 9.136e-07 1.142e-07 9.880e-07]  [176 0 31]
---------------------------------------------------------------------
 HS 5-1  8.708e+01  [0 1.000e+00 6.250e-02 9.363e-07]  [165 -1 31]
 HS 5-2  8.895e+01  [-120 9.363e-07 5.852e-08 1.695e-06]  [168 0 30]
 HS 5-1  9.080e+01  [0 1.000e+00 6.250e-02 9.744e-07]  [161 -1 31]
 HS 5-2  9.272e+01  [-120 9.744e-07 6.090e-08 2.972e-06]  [163 0 32]
 HS 5-1  9.462e+01  [0 1.000e+00 6.250e-02 9.948e-07]  [162 -1 30]
 HS 5-2  9.652e+01  [-120 9.948e-07 6.217e-08 3.129e-06]  [164 0 31]
 HS 5-1  9.916e+01  [0 1.000e+00 6.250e-02 9.924e-07]  [406 0 52]
 HS 5-2  1.021e+02  [-120 9.924e-07 6.203e-08 3.051e-06]  [432 0 55]
 HS 5-1  1.039e+02  [0 1.000e+00 6.250e-02 9.136e-07]  [160 -1 32]
 HS 5-2  1.059e+02  [-120 9.136e-07 5.710e-08 1.663e-06]  [171 0 34]
---------------------------------------------------------------------
 HS 6-1  1.078e+02  [0 1.000e+00 3.125e-02 9.188e-07]  [165 -1 31]
 HS 6-2  1.097e+02  [-120 9.188e-07 2.871e-08 3.780e-06]  [163 0 31]
 HS 6-1  1.115e+02  [0 1.000e+00 3.125e-02 9.744e-07]  [161 -1 30]
 HS 6-2  1.134e+02  [-120 9.744e-07 3.045e-08 6.752e-06]  [151 0 30]
 HS 6-1  1.153e+02  [0 1.000e+00 3.125e-02 9.948e-07]  [162 -1 31]
 HS 6-2  1.172e+02  [-120 9.948e-07 3.109e-08 7.004e-06]  [154 0 32]
 HS 6-1  1.198e+02  [0 1.000e+00 3.125e-02 9.960e-07]  [406 0 51]
 HS 6-2  1.226e+02  [-120 9.960e-07 3.113e-08 6.052e-06]  [411 0 54]
 HS 6-1  1.244e+02  [0 1.000e+00 3.125e-02 9.136e-07]  [160 -1 30]
 HS 6-2  1.263e+02  [-120 9.136e-07 2.855e-08 2.925e-06]  [162 0 29]
---------------------------------------------------------------------
 HS 7-1  1.281e+02  [0 1.000e+00 1.563e-02 9.344e-07]  [165 -1 31]
 HS 7-2  1.300e+02  [-120 9.344e-07 1.460e-08 7.423e-06]  [150 0 29]
 HS 7-1  1.319e+02  [0 1.000e+00 1.562e-02 9.744e-07]  [161 -1 30]
 HS 7-2  1.337e+02  [-120 9.744e-07 1.522e-08 1.288e-05]  [142 0 28]
 HS 7-1  1.355e+02  [0 1.000e+00 1.562e-02 9.948e-07]  [162 -1 30]
 HS 7-2  1.373e+02  [-120 9.948e-07 1.554e-08 1.372e-05]  [144 0 27]
 HS 7-1  1.400e+02  [0 1.000e+00 1.563e-02 9.911e-07]  [406 0 51]
 HS 7-2  1.427e+02  [-120 9.911e-07 1.549e-08 1.229e-05]  [373 0 51]
 HS 7-1  1.445e+02  [0 1.000e+00 1.563e-02 9.136e-07]  [160 -1 31]
 HS 7-2  1.464e+02  [-120 9.136e-07 1.428e-08 6.500e-06]  [157 0 31]
---------------------------------------------------------------------
 HS 8-1  1.483e+02  [0 1.000e+00 7.813e-03 9.260e-07]  [165 -1 32]
 HS 8-2  1.501e+02  [-120 9.260e-07 7.235e-09 1.465e-05]  [141 0 28]
 HS 8-1  1.521e+02  [0 1.000e+00 7.812e-03 9.744e-07]  [161 -1 31]
 HS 8-2  1.538e+02  [-120 9.744e-07 7.613e-09 2.762e-05]  [133 0 26]
 HS 8-1  1.557e+02  [0 1.000e+00 7.812e-03 9.948e-07]  [162 -1 32]
 HS 8-2  1.575e+02  [-120 9.948e-07 7.772e-09 2.828e-05]  [133 0 26]
 HS 8-1  1.602e+02  [0 1.000e+00 7.813e-03 9.891e-07]  [406 0 51]
 HS 8-2  1.627e+02  [-120 9.891e-07 7.727e-09 2.415e-05]  [316 0 48]
 HS 8-1  1.645e+02  [0 1.000e+00 7.813e-03 9.136e-07]  [160 -1 32]
 HS 8-2  1.664e+02  [-120 9.136e-07 7.138e-09 1.280e-05]  [148 0 30]
---------------------------------------------------------------------
 HS 9-1  1.683e+02  [0 1.000e+00 3.906e-03 9.189e-07]  [165 -1 30]
 HS 9-2  1.701e+02  [-120 9.189e-07 3.590e-09 2.966e-05]  [131 0 26]
 HS 9-1  1.721e+02  [0 1.000e+00 3.906e-03 9.745e-07]  [161 -1 27]
 HS 9-2  1.738e+02  [-120 9.745e-07 3.807e-09 5.259e-05]  [123 0 25]
 HS 9-1  1.758e+02  [0 1.000e+00 3.906e-03 9.952e-07]  [162 -1 30]
 HS 9-2  1.777e+02  [-120 9.952e-07 3.887e-09 5.382e-05]  [124 0 22]
 HS 9-1  1.803e+02  [0 1.000e+00 3.906e-03 9.913e-07]  [406 0 51]
 HS 9-2  1.826e+02  [-120 9.913e-07 3.872e-09 4.754e-05]  [297 0 45]
 HS 9-1  1.844e+02  [0 1.000e+00 3.906e-03 9.136e-07]  [160 -1 29]
 HS 9-2  1.863e+02  [-120 9.136e-07 3.569e-09 2.534e-05]  [139 0 28]
---------------------------------------------------------------------
 HS 10-1  1.882e+02  [0 1.000e+00 1.953e-03 9.189e-07]  [165 -1 31]
 HS 10-2  1.899e+02  [-120 9.189e-07 1.795e-09 5.898e-05]  [121 0 24]
 HS 10-1  1.918e+02  [0 1.000e+00 1.953e-03 9.747e-07]  [161 -1 30]
 HS 10-2  1.935e+02  [-120 9.747e-07 1.904e-09 1.050e-04]  [113 0 22]
 HS 10-1  1.954e+02  [0 1.000e+00 1.953e-03 9.330e-07]  [163 -1 32]
 HS 10-2  1.971e+02  [-120 9.330e-07 1.822e-09 1.186e-04]  [113 0 23]
 HS 10-1  2.000e+02  [0 1.000e+00 1.953e-03 9.923e-07]  [406 0 53]
 HS 10-2  2.022e+02  [-120 9.923e-07 1.938e-09 9.495e-05]  [283 0 43]
 HS 10-1  2.041e+02  [0 1.000e+00 1.953e-03 9.136e-07]  [160 -1 31]
 HS 10-2  2.059e+02  [-120 9.136e-07 1.784e-09 5.168e-05]  [129 0 26]
---------------------------------------------------------------------
 HS 11-1  2.078e+02  [0 1.000e+00 9.766e-04 9.192e-07]  [165 -1 31]
 HS 11-2  2.095e+02  [-120 9.192e-07 8.977e-10 1.222e-04]  [111 0 23]
 HS 11-1  2.113e+02  [0 1.000e+00 9.766e-04 9.752e-07]  [161 -1 30]
 HS 11-2  2.131e+02  [-120 9.752e-07 9.523e-10 2.207e-04]  [101 0 21]
 HS 11-1  2.150e+02  [0 1.000e+00 9.766e-04 9.303e-07]  [163 -1 32]
 HS 11-2  2.166e+02  [-120 9.303e-07 9.085e-10 2.363e-04]  [103 0 22]
 HS 11-1  2.196e+02  [0 1.000e+00 9.766e-04 9.954e-07]  [406 0 54]
 HS 11-2  2.223e+02  [-120 9.954e-07 9.721e-10 1.903e-04]  [264 0 40]
 HS 11-1  2.247e+02  [0 1.000e+00 9.766e-04 9.136e-07]  [160 -1 32]
 HS 11-2  2.267e+02  [-120 9.136e-07 8.922e-10 1.058e-04]  [119 0 23]
---------------------------------------------------------------------
 HS 12-1  2.289e+02  [0 1.000e+00 4.883e-04 9.417e-07]  [165 -1 32]
 HS 12-2  2.307e+02  [-120 9.417e-07 4.598e-10 2.429e-04]  [101 0 21]
 HS 12-1  2.327e+02  [0 1.000e+00 4.883e-04 9.775e-07]  [161 -1 30]
 HS 12-2  2.346e+02  [-120 9.775e-07 4.773e-10 4.419e-04]  [92 0 18]
 HS 12-1  2.365e+02  [0 1.000e+00 4.883e-04 9.314e-07]  [163 -1 28]
 HS 12-2  2.381e+02  [-120 9.314e-07 4.548e-10 4.560e-04]  [93 0 20]
 HS 12-1  2.408e+02  [0 1.000e+00 4.883e-04 9.919e-07]  [406 0 54]
 HS 12-2  2.430e+02  [-120 9.919e-07 4.843e-10 3.777e-04]  [242 0 40]
 HS 12-1  2.451e+02  [0 1.000e+00 4.883e-04 9.136e-07]  [160 -1 27]
 HS 12-2  2.468e+02  [-120 9.136e-07 4.461e-10 2.034e-04]  [110 0 23]
---------------------------------------------------------------------
 HS 13-1  2.487e+02  [0 1.000e+00 2.441e-04 9.380e-07]  [165 -1 32]
 HS 13-2  2.503e+02  [-120 9.380e-07 2.290e-10 4.757e-04]  [92 0 20]
 HS 13-1  2.522e+02  [0 1.000e+00 2.441e-04 9.800e-07]  [161 -1 31]
 HS 13-2  2.538e+02  [-120 9.800e-07 2.393e-10 8.303e-04]  [85 0 19]
 HS 13-1  2.558e+02  [0 1.000e+00 2.441e-04 9.333e-07]  [163 -1 30]
 HS 13-2  2.574e+02  [-120 9.333e-07 2.279e-10 9.394e-04]  [85 0 19]
 HS 13-1  2.601e+02  [0 1.000e+00 2.441e-04 9.728e-07]  [407 0 53]
 HS 13-2  2.622e+02  [-120 9.728e-07 2.375e-10 7.992e-04]  [221 0 37]
 HS 13-1  2.641e+02  [0 1.000e+00 2.441e-04 9.136e-07]  [160 -1 29]
 HS 13-2  2.657e+02  [-120 9.136e-07 2.231e-10 4.237e-04]  [100 0 22]
---------------------------------------------------------------------
 HS 14-1  2.677e+02  [0 1.000e+00 1.221e-04 9.187e-07]  [165 -1 33]
 HS 14-2  2.693e+02  [-120 9.187e-07 1.122e-10 9.684e-04]  [83 0 18]
 HS 14-1  2.712e+02  [0 1.000e+00 1.221e-04 9.800e-07]  [161 -1 30]
 HS 14-2  2.727e+02  [-120 9.800e-07 1.196e-10 1.765e-03]  [77 0 18]
 HS 14-1  2.748e+02  [0 1.000e+00 1.221e-04 9.358e-07]  [163 -1 30]
 HS 14-2  2.764e+02  [-120 9.358e-07 1.142e-10 1.855e-03]  [77 0 17]
 HS 14-1  2.791e+02  [0 1.000e+00 1.221e-04 9.954e-07]  [406 0 53]
 HS 14-2  2.812e+02  [-120 9.954e-07 1.215e-10 1.556e-03]  [202 0 37]
 HS 14-1  2.831e+02  [0 1.000e+00 1.221e-04 9.136e-07]  [160 -1 31]
 HS 14-2  2.847e+02  [-120 9.136e-07 1.115e-10 8.323e-04]  [89 0 20]
---------------------------------------------------------------------
 HS 15-1  2.866e+02  [0 1.000e+00 6.104e-05 9.421e-07]  [165 -1 32]
 HS 15-2  2.882e+02  [-120 9.421e-07 5.750e-11 1.920e-03]  [75 0 17]
 HS 15-1  2.901e+02  [0 1.000e+00 6.104e-05 9.783e-07]  [161 -1 31]
 HS 15-2  2.916e+02  [-120 9.783e-07 5.971e-11 3.450e-03]  [70 0 16]
 HS 15-1  2.935e+02  [0 1.000e+00 6.104e-05 9.378e-07]  [163 -1 31]
 HS 15-2  2.951e+02  [-120 9.378e-07 5.724e-11 3.662e-03]  [70 0 16]
 HS 15-1  2.979e+02  [0 1.000e+00 6.104e-05 9.950e-07]  [406 0 53]
 HS 15-2  2.998e+02  [-120 9.950e-07 6.073e-11 3.098e-03]  [175 0 32]
 HS 15-1  3.019e+02  [0 1.000e+00 6.104e-05 9.136e-07]  [160 -1 27]
 HS 15-2  3.037e+02  [-120 9.136e-07 5.576e-11 1.642e-03]  [79 0 15]
---------------------------------------------------------------------
 HS 16-1  3.055e+02  [0 1.000e+00 3.052e-05 9.208e-07]  [165 -1 32]
 HS 16-2  3.071e+02  [-120 9.208e-07 2.810e-11 3.772e-03]  [68 0 15]
 HS 16-1  3.090e+02  [0 1.000e+00 3.052e-05 9.779e-07]  [161 -1 29]
 HS 16-2  3.105e+02  [-120 9.779e-07 2.984e-11 6.939e-03]  [62 0 15]
 HS 16-1  3.124e+02  [0 1.000e+00 3.052e-05 9.368e-07]  [163 0 30]
 HS 16-2  3.140e+02  [-120 9.368e-07 2.859e-11 7.551e-03]  [62 0 16]
 HS 16-1  3.166e+02  [0 1.000e+00 3.052e-05 9.995e-07]  [406 0 51]
 HS 16-2  3.185e+02  [-120 9.995e-07 3.050e-11 6.202e-03]  [152 0 31]
 HS 16-1  3.204e+02  [0 1.000e+00 3.052e-05 9.136e-07]  [160 -1 29]
 HS 16-2  3.219e+02  [-120 9.136e-07 2.788e-11 3.171e-03]  [71 0 16]
---------------------------------------------------------------------
 HS 17-1  3.238e+02  [0 1.000e+00 1.526e-05 9.405e-07]  [165 0 32]
 HS 17-2  3.254e+02  [-120 9.405e-07 1.435e-11 7.494e-03]  [60 0 14]
 HS 17-1  3.272e+02  [0 1.000e+00 1.526e-05 9.783e-07]  [161 0 29]
 HS 17-2  3.286e+02  [-120 9.783e-07 1.493e-11 1.339e-02]  [53 0 12]
 HS 17-1  3.306e+02  [0 1.000e+00 1.526e-05 9.349e-07]  [163 0 32]
 HS 17-2  3.323e+02  [-120 9.349e-07 1.426e-11 1.436e-02]  [54 0 12]
 HS 17-1  3.350e+02  [0 1.000e+00 1.526e-05 9.753e-07]  [407 0 53]
 HS 17-2  3.369e+02  [-120 9.753e-07 1.488e-11 1.239e-02]  [140 0 30]
 HS 17-1  3.387e+02  [0 1.000e+00 1.526e-05 9.136e-07]  [160 -1 30]
 HS 17-2  3.402e+02  [-120 9.136e-07 1.394e-11 6.570e-03]  [63 0 14]
---------------------------------------------------------------------
 HS 18-1  3.421e+02  [0 1.000e+00 7.629e-06 9.382e-07]  [165 0 30]
 HS 18-2  3.436e+02  [-120 9.382e-07 7.158e-12 1.554e-02]  [52 0 12]
 HS 18-1  3.455e+02  [0 1.000e+00 7.629e-06 9.778e-07]  [161 0 30]
 HS 18-2  3.470e+02  [-120 9.778e-07 7.460e-12 2.718e-02]  [44 0 11]
 HS 18-1  3.489e+02  [0 1.000e+00 7.629e-06 9.448e-07]  [163 0 31]
 HS 18-2  3.503e+02  [-120 9.448e-07 7.208e-12 3.029e-02]  [45 0 13]
 HS 18-1  3.531e+02  [0 1.000e+00 7.629e-06 9.942e-07]  [406 0 52]
 HS 18-2  3.549e+02  [-120 9.942e-07 7.585e-12 2.466e-02]  [127 0 26]
 HS 18-1  3.567e+02  [0 1.000e+00 7.629e-06 9.137e-07]  [160 0 30]
 HS 18-2  3.582e+02  [-120 9.137e-07 6.971e-12 1.266e-02]  [56 0 14]
---------------------------------------------------------------------
 HS 19-1  3.601e+02  [0 1.000e+00 3.815e-06 9.412e-07]  [165 0 31]
 HS 19-2  3.616e+02  [-120 9.412e-07 3.590e-12 2.893e-02]  [45 0 11]
 HS 19-1  3.635e+02  [0 1.000e+00 3.815e-06 9.782e-07]  [161 0 30]
 HS 19-2  3.649e+02  [-120 9.782e-07 3.732e-12 5.432e-02]  [36 0 9]
 HS 19-1  3.667e+02  [0 1.000e+00 3.815e-06 9.468e-07]  [163 0 31]
 HS 19-2  3.681e+02  [-120 9.468e-07 3.612e-12 5.872e-02]  [38 0 9]
 HS 19-1  3.709e+02  [0 1.000e+00 3.815e-06 9.729e-07]  [407 0 52]
 HS 19-2  3.725e+02  [-120 9.729e-07 3.711e-12 5.112e-02]  [108 0 23]
 HS 19-1  3.744e+02  [0 1.000e+00 3.815e-06 9.137e-07]  [160 0 30]
 HS 19-2  3.759e+02  [-120 9.137e-07 3.486e-12 2.678e-02]  [47 0 13]
---------------------------------------------------------------------
 HS 20-1  3.778e+02  [0 1.000e+00 1.907e-06 9.409e-07]  [165 0 31]
 HS 20-2  3.794e+02  [-120 9.409e-07 1.795e-12 6.089e-02]  [36 0 7]
 HS 20-1  3.813e+02  [0 1.000e+00 1.907e-06 9.786e-07]  [161 0 30]
 HS 20-2  3.827e+02  [-120 9.786e-07 1.866e-12 1.110e-01]  [27 0 6]
 HS 20-1  3.846e+02  [0 1.000e+00 1.907e-06 9.500e-07]  [163 0 32]
 HS 20-2  3.860e+02  [-120 9.500e-07 1.812e-12 1.211e-01]  [29 0 7]
 HS 20-1  3.889e+02  [0 1.000e+00 1.907e-06 9.801e-07]  [407 0 48]
 HS 20-2  3.905e+02  [-120 9.801e-07 1.869e-12 1.003e-01]  [85 0 19]
 HS 20-1  3.924e+02  [0 1.000e+00 1.907e-06 9.138e-07]  [160 0 31]
 HS 20-2s 3.938e+02  [-120 9.138e-07 1.743e-12 5.079e-02]  [40 0 10]
